34,5
34,4
34,3
34,2
34,1
34,0
19,7
33,9
33,8
33,7
33,6
33,5
33,4
33,3
33,2
0,571
0,570
33,1
33,0
2,8
32,5
32,4
32,3
32,2
32,1
32,0
31,4
31,3
31,2
31,1
31,0
30,5
30,4
30,3
30,2
30,1
30,0
0,310
0,305
0,308
0,304
0,303
0,302
0,307
0,12
0,10
0,8
0,0
0,558
0,433
0,300
0,557
0,432
0,299
0,556
0,431
0,298
0,555
0,430
0,297
0,554
0,429
0,296
0,553
0,569
0,295
0,521
0,427
0,294
0,520
0,426
0,293
0,519
0,425
0,292
0,518
0,424
0,291
0,517
0,423
0,290
0,516
0,422
0,289
0,515
0,421
0,288
0,514
0,420
0,287
0,513
0,419
0,286
0,512
0,285
0,511
0,417
0,284
0,510
0,416
0,283
0,509
0,415
0,282
0,552
0,568
0,281
0,508
0,413
0,280
0,551
0,567
0,279
0,507
0,411
0,278
0,550
0,410
0,277
0,506
0,409
0,276
0,549
0,407
0,275
0,505
0,406
0,274
0,504
0,405
0,273
0,548
0,404
0,272
0,503
0,403
0,271
0,502
0,402
0,270
0,501
0,401
0,269
0,547
0,400
0,268
0,500
0,399
0,267
0,546
0,398
0,266
0,499
0,397
0,265
0,545
0,264
0,544
0,395
0,263
0,543
0,394
0,262
0,498
0,393
0,261
0,497
0,392
0,260
0,542
0,391
0,259
0,541
0,390
0,258
0,496
0,389
0,257
0,495
0,388
0,256
0,493
0,387
0,255
0,492
0,386
0,254
0,491
0,385
0,253
0,490
0,384
0,252
0,489
0,383
0,251
0,488
0,382
0,250
0,487
0,381
0,249
0,486
0,380
0,248
0,540
0,379
0,247
0,539
0,378
0,246
0,538
0,377
0,245
0,537
0,244
0,536
0,375
0,242
0,535
0,374
0,241
0,534
0,373
0,240
0,485
1,2
2,2
3,1
3,3
13,0
13,75
13,1
13,7
13,9
13,10
13,12
13,13
13,15
13,16
13,18
13,20
13,21
13,23
13,24
13,26
13,28
13,29
13,31
13,32
13,34
13,35
13,64
13,66
13,67
13,69
13,70
13,72
13,74
13,77
13,79
13,4
19,3
2,5
16,0
16,1
2,6
17,1
18,3
20,0
20,3
2,7
21,0
21,1
22,0
22,1
23,3
23,1
24,3
24,1
25,3
26,0
26,3
27,0
27,3
28,0
28,3
29,0
29,1
6,5
15,0
15,1
15,4
15,6
15,7
14,3
14,1
14,5
9,0
9,3
9,1
14,2
14,4
14,0
15,5
15,3
13,2
6,1
6,3
6,0
7,4
0,408
8,4
8,5
7,5
8,1
8,3
8,0
7,1
7,3
7,0
11,1
11,3
11,0
19,2
29,3
28,1
27,1
26,1
25,1
25,0
24,0
23,0
22,3
21,3
20,1
18,1
18,0
17,3
17,0
16,4
16,2
16,3
19,1
19,0
13,78
13,73
13,71
13,68
13,65
13,36
13,33
13,30
13,27
13,25
13,22
13,19
13,17
13,14
13,11
13,8
13,76
13,3
3,2
3,0
0,243
1,1
1,3
1,0
2,1
2,4
2,3
2,0
0,9
0,239
0,484
0,238
0,483
0,370
0,237
0,533
0,369
0,236
0,482
0,368
0,235
0,481
0,367
0,234
0,480
0,366
0,233
0,479
0,365
0,232
0,478
0,364
0,231
0,532
0,363
0,230
0,531
0,362
0,229
0,477
0,361
0,228
0,476
0,360
0,227
0,530
0,359
0,226
0,475
0,358
0,225
0,529
0,357
0,224
0,474
0,356
0,223
0,528
0,355
0,222
0,473
0,354
0,221
0,527
0,353
0,220
0,472
0,352
0,219
0,526
0,351
0,218
0,525
0,350
0,217
0,524
0,349
0,216
0,471
0,348
0,215
0,470
0,347
0,214
0,469
0,346
0,213
0,468
0,345
0,212
0,467
0,344
0,211
0,466
0,343
0,210
0,465
0,342
0,209
0,464
0,341
0,208
0,463
0,340
0,207
0,462
0,339
0,206
0,566
0,338
0,205
0,565
0,461
0,204
0,564
0,460
0,203
0,563
0,459
0,202
0,523
0,337
0,201
0,562
0,336
0,200
0,561
0,522
0,199
0,560
0,335
0,198
0,559
0,334
0,197
0,458
0,333
0,196
0,457
0,332
0,195
0,456
0,331
0,194
0,455
0,330
0,193
0,454
0,329
0,192
0,453
0,328
0,63
0,452
0,327
0,62
0,451
0,326
0,61
0,450
0,325
0,60
0,449
0,324
0,59
0,448
0,323
0,58
0,447
0,321
0,57
0,446
0,320
0,56
0,445
0,319
0,55
0,444
0,318
0,54
0,443
0,317
0,53
0,442
0,316
0,52
0,441
0,315
0,51
0,440
0,314
0,50
0,439
0,313
0,49
0,438
0,312
0,48
0,437
0,311
0,47
0,436
0,309
0,46
0,435
0,306
0,45
0,434
0,301
0,6
0,5
0,1
0,11
0,4
0,2
0,3
0,7
